20050916
20050916
20090727
20100212
20050916
20090727
20100212
20050916
20090727
20100212
20050916
20090727
20100212
20050916
20090727
20100212
20050916
20050916
20050916
20090727
20100212
20050916
20050916
20050916
20050916
20090727
20100212
20050916
20090727
20100212
20050916
20090727
20100212
20050916
20090727
20100212
20050916
20050916
20050916
20050916
20050916
20050916
20050916
20090727
20100212
20050916
20090727
20100212
20050916
20090727
20100212
20050916
20090727
20100212
20050916
20090727
20100212
20050916
20090727
20100212
20050916
20050916
20050916
20090727
20090727
20100212
20050916
20090727
20100212
20050916
20090727
20100212
20050916
20090727
20100212
20050916
20090727
20100212
20050916
20090727
20100212
20050916
20090727
20100212
20050916
20090727
20100212
20050916
20090727
20100212
20050916
20050916
20090727
20100212
20050916
20090727
20100212
20041206
20050916
20090727
20100212
20041206
20050916
20080514
20081126
20090727
20091221
20100212
20120611
20151113
20050916
20050916
20090727
20100212
20041206
20050916
20090727
20100212
20041206
20050916
20080514
20081126
20090727
20091221
20100212
20120611
20151113
20041206
20050916
20090727
20100212
20050916
20090727
20100212
20041206
20050916
20090727
20100212
20041206
20050916
20090727
20100212
20050916
20090727
20100212
20050916
20090727
20100212
20041206
20050916
20090727
20100212
20050916
20090727
20100212
20050916
20090727
20100212
20050916
20090727
20100212
20041206
20050916
20090727
20100212
20041206
20050916
20090727
20100212
20041206
20050916
20090727
20100212
20041206
20050916
20090727
20100212
20041206
20050916
20090727
20100212
20041206
20050916
20090727
20100212
